(kicad_pcb (version 20171130) (host pcbnew "(5.0.1)-4")

  (general
    (thickness 1.6)
    (drawings 4)
    (tracks 195)
    (zones 0)
    (modules 29)
    (nets 21)
  )

  (page A4)
  (layers
    (0 F.Cu signal)
    (31 B.Cu signal)
    (32 B.Adhes user)
    (33 F.Adhes user)
    (34 B.Paste user)
    (35 F.Paste user)
    (36 B.SilkS user)
    (37 F.SilkS user)
    (38 B.Mask user)
    (39 F.Mask user)
    (40 Dwgs.User user)
    (41 Cmts.User user)
    (42 Eco1.User user)
    (43 Eco2.User user)
    (44 Edge.Cuts user)
    (45 Margin user hide)
    (46 B.CrtYd user)
    (47 F.CrtYd user)
    (48 B.Fab user)
    (49 F.Fab user hide)
  )

  (setup
    (last_trace_width 0.25)
    (trace_clearance 0.2)
    (zone_clearance 0.762)
    (zone_45_only no)
    (trace_min 0.2)
    (segment_width 0.2)
    (edge_width 0.15)
    (via_size 0.8)
    (via_drill 0.4)
    (via_min_size 0.4)
    (via_min_drill 0.3)
    (uvia_size 0.3)
    (uvia_drill 0.1)
    (uvias_allowed no)
    (uvia_min_size 0.2)
    (uvia_min_drill 0.1)
    (pcb_text_width 0.3)
    (pcb_text_size 1.5 1.5)
    (mod_edge_width 0.15)
    (mod_text_size 1 1)
    (mod_text_width 0.15)
    (pad_size 2.35 3)
    (pad_drill 1.65)
    (pad_to_mask_clearance 0.051)
    (solder_mask_min_width 0.25)
    (aux_axis_origin 0 0)
    (visible_elements 7FFFFFFF)
    (pcbplotparams
      (layerselection 0x010fc_ffffffff)
      (usegerberextensions false)
      (usegerberattributes false)
      (usegerberadvancedattributes false)
      (creategerberjobfile false)
      (excludeedgelayer true)
      (linewidth 0.100000)
      (plotframeref false)
      (viasonmask false)
      (mode 1)
      (useauxorigin false)
      (hpglpennumber 1)
      (hpglpenspeed 20)
      (hpglpendiameter 15.000000)
      (psnegative false)
      (psa4output false)
      (plotreference true)
      (plotvalue true)
      (plotinvisibletext false)
      (padsonsilk false)
      (subtractmaskfromsilk false)
      (outputformat 1)
      (mirror false)
      (drillshape 1)
      (scaleselection 1)
      (outputdirectory ""))
  )

  (net 0 "")
  (net 1 +12V)
  (net 2 GND)
  (net 3 "Net-(C2-Pad2)")
  (net 4 "Net-(C2-Pad1)")
  (net 5 "Net-(Q1-Pad1)")
  (net 6 VCC)
  (net 7 "Net-(Q2-Pad1)")
  (net 8 "Net-(R1-Pad1)")
  (net 9 "Net-(Q3-Pad1)")
  (net 10 "Net-(Q4-Pad1)")
  (net 11 "Net-(Q5-Pad3)")
  (net 12 "Net-(Q5-Pad2)")
  (net 13 "Net-(R2-Pad1)")
  (net 14 "Net-(C8-Pad2)")
  (net 15 "Net-(J1-Pad2)")
  (net 16 "Net-(C8-Pad1)")
  (net 17 "Net-(R8-Pad1)")
  (net 18 "Net-(R7-Pad1)")
  (net 19 "Net-(R6-Pad1)")
  (net 20 "Net-(R5-Pad1)")

  (net_class Default "This is the default net class."
    (clearance 0.2)
    (trace_width 0.25)
    (via_dia 0.8)
    (via_drill 0.4)
    (uvia_dia 0.3)
    (uvia_drill 0.1)
    (add_net +12V)
    (add_net GND)
    (add_net "Net-(C2-Pad1)")
    (add_net "Net-(C2-Pad2)")
    (add_net "Net-(C8-Pad1)")
    (add_net "Net-(C8-Pad2)")
    (add_net "Net-(J1-Pad2)")
    (add_net "Net-(Q1-Pad1)")
    (add_net "Net-(Q2-Pad1)")
    (add_net "Net-(Q3-Pad1)")
    (add_net "Net-(Q4-Pad1)")
    (add_net "Net-(Q5-Pad2)")
    (add_net "Net-(Q5-Pad3)")
    (add_net "Net-(R1-Pad1)")
    (add_net "Net-(R2-Pad1)")
    (add_net "Net-(R5-Pad1)")
    (add_net "Net-(R6-Pad1)")
    (add_net "Net-(R7-Pad1)")
    (add_net "Net-(R8-Pad1)")
    (add_net VCC)
  )

  (module Housings_SOIC:SO-8_5.3x6.2mm_Pitch1.27mm (layer F.Cu) (tedit 59920130) (tstamp 5BFB539F)
    (at 82.169 64.897)
    (descr "8-Lead Plastic Small Outline, 5.3x6.2mm Body (http://www.ti.com.cn/cn/lit/ds/symlink/tl7705a.pdf)")
    (tags "SOIC 1.27")
    (path /5B74C0EB)
    (attr smd)
    (fp_text reference U1 (at 0 -4.13) (layer F.SilkS)
      (effects (font (size 1 1) (thickness 0.15)))
    )
    (fp_text value L6384 (at 0 4.13) (layer F.Fab)
      (effects (font (size 1 1) (thickness 0.15)))
    )
    (fp_line (start -2.75 -2.55) (end -4.5 -2.55) (layer F.SilkS) (width 0.15))
    (fp_line (start -2.75 3.205) (end 2.75 3.205) (layer F.SilkS) (width 0.15))
    (fp_line (start -2.75 -3.205) (end 2.75 -3.205) (layer F.SilkS) (width 0.15))
    (fp_line (start -2.75 3.205) (end -2.75 2.455) (layer F.SilkS) (width 0.15))
    (fp_line (start 2.75 3.205) (end 2.75 2.455) (layer F.SilkS) (width 0.15))
    (fp_line (start 2.75 -3.205) (end 2.75 -2.455) (layer F.SilkS) (width 0.15))
    (fp_line (start -2.75 -3.205) (end -2.75 -2.55) (layer F.SilkS) (width 0.15))
    (fp_line (start -4.83 3.35) (end 4.83 3.35) (layer F.CrtYd) (width 0.05))
    (fp_line (start -4.83 -3.35) (end 4.83 -3.35) (layer F.CrtYd) (width 0.05))
    (fp_line (start 4.83 -3.35) (end 4.83 3.35) (layer F.CrtYd) (width 0.05))
    (fp_line (start -4.83 -3.35) (end -4.83 3.35) (layer F.CrtYd) (width 0.05))
    (fp_line (start -2.65 -2.1) (end -1.65 -3.1) (layer F.Fab) (width 0.15))
    (fp_line (start -2.65 3.1) (end -2.65 -2.1) (layer F.Fab) (width 0.15))
    (fp_line (start 2.65 3.1) (end -2.65 3.1) (layer F.Fab) (width 0.15))
    (fp_line (start 2.65 -3.1) (end 2.65 3.1) (layer F.Fab) (width 0.15))
    (fp_line (start -1.65 -3.1) (end 2.65 -3.1) (layer F.Fab) (width 0.15))
    (fp_text user %R (at 0 0) (layer F.Fab)
      (effects (font (size 1 1) (thickness 0.15)))
    )
    (pad 8 smd rect (at 3.7 -1.905) (size 1.75 0.55) (layers F.Cu F.Paste F.Mask)
      (net 4 "Net-(C2-Pad1)"))
    (pad 7 smd rect (at 3.7 -0.635) (size 1.75 0.55) (layers F.Cu F.Paste F.Mask)
      (net 18 "Net-(R7-Pad1)"))
    (pad 6 smd rect (at 3.7 0.635) (size 1.75 0.55) (layers F.Cu F.Paste F.Mask)
      (net 3 "Net-(C2-Pad2)"))
    (pad 5 smd rect (at 3.7 1.905) (size 1.75 0.55) (layers F.Cu F.Paste F.Mask)
      (net 17 "Net-(R8-Pad1)"))
    (pad 4 smd rect (at -3.7 1.905) (size 1.75 0.55) (layers F.Cu F.Paste F.Mask)
      (net 2 GND))
    (pad 3 smd rect (at -3.7 0.635) (size 1.75 0.55) (layers F.Cu F.Paste F.Mask)
      (net 8 "Net-(R1-Pad1)"))
    (pad 2 smd rect (at -3.7 -0.635) (size 1.75 0.55) (layers F.Cu F.Paste F.Mask)
      (net 1 +12V))
    (pad 1 smd rect (at -3.7 -1.905) (size 1.75 0.55) (layers F.Cu F.Paste F.Mask)
      (net 15 "Net-(J1-Pad2)"))
    (model ${KISYS3DMOD}/Housings_SOIC.3dshapes/SO-8_5.3x6.2mm_Pitch1.27mm.wrl
      (at (xyz 0 0 0))
      (scale (xyz 1 1 1))
      (rotate (xyz 0 0 0))
    )
  )

  (module Capacitors_SMD:C_1206 (layer F.Cu) (tedit 58AA84B8) (tstamp 5C1CA028)
    (at 98.933 63.881 180)
    (descr "Capacitor SMD 1206, reflow soldering, AVX (see smccp.pdf)")
    (tags "capacitor 1206")
    (path /5BFB37C3)
    (attr smd)
    (fp_text reference C7 (at 4.445 0 180) (layer F.SilkS)
      (effects (font (size 1 1) (thickness 0.15)))
    )
    (fp_text value 0.47uF (at 0 2 180) (layer F.Fab)
      (effects (font (size 1 1) (thickness 0.15)))
    )
    (fp_line (start 2.25 1.05) (end -2.25 1.05) (layer F.CrtYd) (width 0.05))
    (fp_line (start 2.25 1.05) (end 2.25 -1.05) (layer F.CrtYd) (width 0.05))
    (fp_line (start -2.25 -1.05) (end -2.25 1.05) (layer F.CrtYd) (width 0.05))
    (fp_line (start -2.25 -1.05) (end 2.25 -1.05) (layer F.CrtYd) (width 0.05))
    (fp_line (start -1 1.02) (end 1 1.02) (layer F.SilkS) (width 0.12))
    (fp_line (start 1 -1.02) (end -1 -1.02) (layer F.SilkS) (width 0.12))
    (fp_line (start -1.6 -0.8) (end 1.6 -0.8) (layer F.Fab) (width 0.1))
    (fp_line (start 1.6 -0.8) (end 1.6 0.8) (layer F.Fab) (width 0.1))
    (fp_line (start 1.6 0.8) (end -1.6 0.8) (layer F.Fab) (width 0.1))
    (fp_line (start -1.6 0.8) (end -1.6 -0.8) (layer F.Fab) (width 0.1))
    (fp_text user %R (at 0 -1.75 180) (layer F.Fab)
      (effects (font (size 1 1) (thickness 0.15)))
    )
    (pad 2 smd rect (at 1.5 0 180) (size 1 1.6) (layers F.Cu F.Paste F.Mask)
      (net 2 GND))
    (pad 1 smd rect (at -1.5 0 180) (size 1 1.6) (layers F.Cu F.Paste F.Mask)
      (net 1 +12V))
    (model Capacitors_SMD.3dshapes/C_1206.wrl
      (at (xyz 0 0 0))
      (scale (xyz 1 1 1))
      (rotate (xyz 0 0 0))
    )
  )

  (module Resistors_SMD:R_1206 (layer F.Cu) (tedit 58E0A804) (tstamp 5C1CC197)
    (at 74.168 66.421 180)
    (descr "Resistor SMD 1206, reflow soldering, Vishay (see dcrcw.pdf)")
    (tags "resistor 1206")
    (path /5B74C6E4)
    (attr smd)
    (fp_text reference R1 (at 4.445 0 180) (layer F.SilkS)
      (effects (font (size 1 1) (thickness 0.15)))
    )
    (fp_text value R (at 0 1.95 180) (layer F.Fab)
      (effects (font (size 1 1) (thickness 0.15)))
    )
    (fp_text user %R (at 0 0 180) (layer F.Fab)
      (effects (font (size 0.7 0.7) (thickness 0.105)))
    )
    (fp_line (start -1.6 0.8) (end -1.6 -0.8) (layer F.Fab) (width 0.1))
    (fp_line (start 1.6 0.8) (end -1.6 0.8) (layer F.Fab) (width 0.1))
    (fp_line (start 1.6 -0.8) (end 1.6 0.8) (layer F.Fab) (width 0.1))
    (fp_line (start -1.6 -0.8) (end 1.6 -0.8) (layer F.Fab) (width 0.1))
    (fp_line (start 1 1.07) (end -1 1.07) (layer F.SilkS) (width 0.12))
    (fp_line (start -1 -1.07) (end 1 -1.07) (layer F.SilkS) (width 0.12))
    (fp_line (start -2.15 -1.11) (end 2.15 -1.11) (layer F.CrtYd) (width 0.05))
    (fp_line (start -2.15 -1.11) (end -2.15 1.1) (layer F.CrtYd) (width 0.05))
    (fp_line (start 2.15 1.1) (end 2.15 -1.11) (layer F.CrtYd) (width 0.05))
    (fp_line (start 2.15 1.1) (end -2.15 1.1) (layer F.CrtYd) (width 0.05))
    (pad 1 smd rect (at -1.45 0 180) (size 0.9 1.7) (layers F.Cu F.Paste F.Mask)
      (net 8 "Net-(R1-Pad1)"))
    (pad 2 smd rect (at 1.45 0 180) (size 0.9 1.7) (layers F.Cu F.Paste F.Mask)
      (net 2 GND))
    (model ${KISYS3DMOD}/Resistors_SMD.3dshapes/R_1206.wrl
      (at (xyz 0 0 0))
      (scale (xyz 1 1 1))
      (rotate (xyz 0 0 0))
    )
  )

  (module Resistors_SMD:R_1206 (layer F.Cu) (tedit 58E0A804) (tstamp 5C1CC22C)
    (at 98.933 66.421 180)
    (descr "Resistor SMD 1206, reflow soldering, Vishay (see dcrcw.pdf)")
    (tags "resistor 1206")
    (path /5BFB37B4)
    (attr smd)
    (fp_text reference R2 (at 4.445 0 180) (layer F.SilkS)
      (effects (font (size 1 1) (thickness 0.15)))
    )
    (fp_text value R (at 0 1.95 180) (layer F.Fab)
      (effects (font (size 1 1) (thickness 0.15)))
    )
    (fp_line (start 2.15 1.1) (end -2.15 1.1) (layer F.CrtYd) (width 0.05))
    (fp_line (start 2.15 1.1) (end 2.15 -1.11) (layer F.CrtYd) (width 0.05))
    (fp_line (start -2.15 -1.11) (end -2.15 1.1) (layer F.CrtYd) (width 0.05))
    (fp_line (start -2.15 -1.11) (end 2.15 -1.11) (layer F.CrtYd) (width 0.05))
    (fp_line (start -1 -1.07) (end 1 -1.07) (layer F.SilkS) (width 0.12))
    (fp_line (start 1 1.07) (end -1 1.07) (layer F.SilkS) (width 0.12))
    (fp_line (start -1.6 -0.8) (end 1.6 -0.8) (layer F.Fab) (width 0.1))
    (fp_line (start 1.6 -0.8) (end 1.6 0.8) (layer F.Fab) (width 0.1))
    (fp_line (start 1.6 0.8) (end -1.6 0.8) (layer F.Fab) (width 0.1))
    (fp_line (start -1.6 0.8) (end -1.6 -0.8) (layer F.Fab) (width 0.1))
    (fp_text user %R (at 0 0 180) (layer F.Fab)
      (effects (font (size 0.7 0.7) (thickness 0.105)))
    )
    (pad 2 smd rect (at 1.45 0 180) (size 0.9 1.7) (layers F.Cu F.Paste F.Mask)
      (net 2 GND))
    (pad 1 smd rect (at -1.45 0 180) (size 0.9 1.7) (layers F.Cu F.Paste F.Mask)
      (net 13 "Net-(R2-Pad1)"))
    (model ${KISYS3DMOD}/Resistors_SMD.3dshapes/R_1206.wrl
      (at (xyz 0 0 0))
      (scale (xyz 1 1 1))
      (rotate (xyz 0 0 0))
    )
  )

  (module Resistors_SMD:R_1206 (layer F.Cu) (tedit 58E0A804) (tstamp 5C1CC21B)
    (at 95.504 60.198)
    (descr "Resistor SMD 1206, reflow soldering, Vishay (see dcrcw.pdf)")
    (tags "resistor 1206")
    (path /5BFBBC06)
    (attr smd)
    (fp_text reference R3 (at 0 -1.85) (layer F.SilkS)
      (effects (font (size 1 1) (thickness 0.15)))
    )
    (fp_text value R (at 0 1.95) (layer F.Fab)
      (effects (font (size 1 1) (thickness 0.15)))
    )
    (fp_text user %R (at 0 0) (layer F.Fab)
      (effects (font (size 0.7 0.7) (thickness 0.105)))
    )
    (fp_line (start -1.6 0.8) (end -1.6 -0.8) (layer F.Fab) (width 0.1))
    (fp_line (start 1.6 0.8) (end -1.6 0.8) (layer F.Fab) (width 0.1))
    (fp_line (start 1.6 -0.8) (end 1.6 0.8) (layer F.Fab) (width 0.1))
    (fp_line (start -1.6 -0.8) (end 1.6 -0.8) (layer F.Fab) (width 0.1))
    (fp_line (start 1 1.07) (end -1 1.07) (layer F.SilkS) (width 0.12))
    (fp_line (start -1 -1.07) (end 1 -1.07) (layer F.SilkS) (width 0.12))
    (fp_line (start -2.15 -1.11) (end 2.15 -1.11) (layer F.CrtYd) (width 0.05))
    (fp_line (start -2.15 -1.11) (end -2.15 1.1) (layer F.CrtYd) (width 0.05))
    (fp_line (start 2.15 1.1) (end 2.15 -1.11) (layer F.CrtYd) (width 0.05))
    (fp_line (start 2.15 1.1) (end -2.15 1.1) (layer F.CrtYd) (width 0.05))
    (pad 1 smd rect (at -1.45 0) (size 0.9 1.7) (layers F.Cu F.Paste F.Mask)
      (net 15 "Net-(J1-Pad2)"))
    (pad 2 smd rect (at 1.45 0) (size 0.9 1.7) (layers F.Cu F.Paste F.Mask)
      (net 12 "Net-(Q5-Pad2)"))
    (model ${KISYS3DMOD}/Resistors_SMD.3dshapes/R_1206.wrl
      (at (xyz 0 0 0))
      (scale (xyz 1 1 1))
      (rotate (xyz 0 0 0))
    )
  )

  (module Resistors_SMD:R_1206 (layer F.Cu) (tedit 58E0A804) (tstamp 5C1CC20A)
    (at 99.568 55.118)
    (descr "Resistor SMD 1206, reflow soldering, Vishay (see dcrcw.pdf)")
    (tags "resistor 1206")
    (path /5BFBF004)
    (attr smd)
    (fp_text reference R4 (at 0 -1.85) (layer F.SilkS)
      (effects (font (size 1 1) (thickness 0.15)))
    )
    (fp_text value R (at 0 1.95) (layer F.Fab)
      (effects (font (size 1 1) (thickness 0.15)))
    )
    (fp_line (start 2.15 1.1) (end -2.15 1.1) (layer F.CrtYd) (width 0.05))
    (fp_line (start 2.15 1.1) (end 2.15 -1.11) (layer F.CrtYd) (width 0.05))
    (fp_line (start -2.15 -1.11) (end -2.15 1.1) (layer F.CrtYd) (width 0.05))
    (fp_line (start -2.15 -1.11) (end 2.15 -1.11) (layer F.CrtYd) (width 0.05))
    (fp_line (start -1 -1.07) (end 1 -1.07) (layer F.SilkS) (width 0.12))
    (fp_line (start 1 1.07) (end -1 1.07) (layer F.SilkS) (width 0.12))
    (fp_line (start -1.6 -0.8) (end 1.6 -0.8) (layer F.Fab) (width 0.1))
    (fp_line (start 1.6 -0.8) (end 1.6 0.8) (layer F.Fab) (width 0.1))
    (fp_line (start 1.6 0.8) (end -1.6 0.8) (layer F.Fab) (width 0.1))
    (fp_line (start -1.6 0.8) (end -1.6 -0.8) (layer F.Fab) (width 0.1))
    (fp_text user %R (at 0 0) (layer F.Fab)
      (effects (font (size 0.7 0.7) (thickness 0.105)))
    )
    (pad 2 smd rect (at 1.45 0) (size 0.9 1.7) (layers F.Cu F.Paste F.Mask)
      (net 11 "Net-(Q5-Pad3)"))
    (pad 1 smd rect (at -1.45 0) (size 0.9 1.7) (layers F.Cu F.Paste F.Mask)
      (net 1 +12V))
    (model ${KISYS3DMOD}/Resistors_SMD.3dshapes/R_1206.wrl
      (at (xyz 0 0 0))
      (scale (xyz 1 1 1))
      (rotate (xyz 0 0 0))
    )
  )

  (module Resistors_SMD:R_1206 (layer F.Cu) (tedit 58E0A804) (tstamp 5C1CC1F9)
    (at 110.236 57.15 90)
    (descr "Resistor SMD 1206, reflow soldering, Vishay (see dcrcw.pdf)")
    (tags "resistor 1206")
    (path /5C227514)
    (attr smd)
    (fp_text reference R5 (at 0 -1.85 90) (layer F.SilkS)
      (effects (font (size 1 1) (thickness 0.15)))
    )
    (fp_text value R (at 0 1.95 90) (layer F.Fab)
      (effects (font (size 1 1) (thickness 0.15)))
    )
    (fp_text user %R (at 0 0 90) (layer F.Fab)
      (effects (font (size 0.7 0.7) (thickness 0.105)))
    )
    (fp_line (start -1.6 0.8) (end -1.6 -0.8) (layer F.Fab) (width 0.1))
    (fp_line (start 1.6 0.8) (end -1.6 0.8) (layer F.Fab) (width 0.1))
    (fp_line (start 1.6 -0.8) (end 1.6 0.8) (layer F.Fab) (width 0.1))
    (fp_line (start -1.6 -0.8) (end 1.6 -0.8) (layer F.Fab) (width 0.1))
    (fp_line (start 1 1.07) (end -1 1.07) (layer F.SilkS) (width 0.12))
    (fp_line (start -1 -1.07) (end 1 -1.07) (layer F.SilkS) (width 0.12))
    (fp_line (start -2.15 -1.11) (end 2.15 -1.11) (layer F.CrtYd) (width 0.05))
    (fp_line (start -2.15 -1.11) (end -2.15 1.1) (layer F.CrtYd) (width 0.05))
    (fp_line (start 2.15 1.1) (end 2.15 -1.11) (layer F.CrtYd) (width 0.05))
    (fp_line (start 2.15 1.1) (end -2.15 1.1) (layer F.CrtYd) (width 0.05))
    (pad 1 smd rect (at -1.45 0 90) (size 0.9 1.7) (layers F.Cu F.Paste F.Mask)
      (net 20 "Net-(R5-Pad1)"))
    (pad 2 smd rect (at 1.45 0 90) (size 0.9 1.7) (layers F.Cu F.Paste F.Mask)
      (net 9 "Net-(Q3-Pad1)"))
    (model ${KISYS3DMOD}/Resistors_SMD.3dshapes/R_1206.wrl
      (at (xyz 0 0 0))
      (scale (xyz 1 1 1))
      (rotate (xyz 0 0 0))
    )
  )

  (module Resistors_SMD:R_1206 (layer F.Cu) (tedit 58E0A804) (tstamp 5C1CC1C8)
    (at 84.963 56.896 90)
    (descr "Resistor SMD 1206, reflow soldering, Vishay (see dcrcw.pdf)")
    (tags "resistor 1206")
    (path /5C20F1F1)
    (attr smd)
    (fp_text reference R7 (at 0 -1.85 90) (layer F.SilkS)
      (effects (font (size 1 1) (thickness 0.15)))
    )
    (fp_text value R (at 0 1.95 90) (layer F.Fab)
      (effects (font (size 1 1) (thickness 0.15)))
    )
    (fp_line (start 2.15 1.1) (end -2.15 1.1) (layer F.CrtYd) (width 0.05))
    (fp_line (start 2.15 1.1) (end 2.15 -1.11) (layer F.CrtYd) (width 0.05))
    (fp_line (start -2.15 -1.11) (end -2.15 1.1) (layer F.CrtYd) (width 0.05))
    (fp_line (start -2.15 -1.11) (end 2.15 -1.11) (layer F.CrtYd) (width 0.05))
    (fp_line (start -1 -1.07) (end 1 -1.07) (layer F.SilkS) (width 0.12))
    (fp_line (start 1 1.07) (end -1 1.07) (layer F.SilkS) (width 0.12))
    (fp_line (start -1.6 -0.8) (end 1.6 -0.8) (layer F.Fab) (width 0.1))
    (fp_line (start 1.6 -0.8) (end 1.6 0.8) (layer F.Fab) (width 0.1))
    (fp_line (start 1.6 0.8) (end -1.6 0.8) (layer F.Fab) (width 0.1))
    (fp_line (start -1.6 0.8) (end -1.6 -0.8) (layer F.Fab) (width 0.1))
    (fp_text user %R (at 0 0 90) (layer F.Fab)
      (effects (font (size 0.7 0.7) (thickness 0.105)))
    )
    (pad 2 smd rect (at 1.45 0 90) (size 0.9 1.7) (layers F.Cu F.Paste F.Mask)
      (net 5 "Net-(Q1-Pad1)"))
    (pad 1 smd rect (at -1.45 0 90) (size 0.9 1.7) (layers F.Cu F.Paste F.Mask)
      (net 18 "Net-(R7-Pad1)"))
    (model ${KISYS3DMOD}/Resistors_SMD.3dshapes/R_1206.wrl
      (at (xyz 0 0 0))
      (scale (xyz 1 1 1))
      (rotate (xyz 0 0 0))
    )
  )

  (module Resistors_SMD:R_1206 (layer F.Cu) (tedit 58E0A804) (tstamp 5C1C9EAC)
    (at 113.538 69.522 270)
    (descr "Resistor SMD 1206, reflow soldering, Vishay (see dcrcw.pdf)")
    (tags "resistor 1206")
    (path /5C229CB2)
    (attr smd)
    (fp_text reference R6 (at 0.074 -2.54) (layer F.SilkS)
      (effects (font (size 1 1) (thickness 0.15)))
    )
    (fp_text value R (at 0 1.95 270) (layer F.Fab)
      (effects (font (size 1 1) (thickness 0.15)))
    )
    (fp_text user %R (at 0 0 270) (layer F.Fab)
      (effects (font (size 0.7 0.7) (thickness 0.105)))
    )
    (fp_line (start -1.6 0.8) (end -1.6 -0.8) (layer F.Fab) (width 0.1))
    (fp_line (start 1.6 0.8) (end -1.6 0.8) (layer F.Fab) (width 0.1))
    (fp_line (start 1.6 -0.8) (end 1.6 0.8) (layer F.Fab) (width 0.1))
    (fp_line (start -1.6 -0.8) (end 1.6 -0.8) (layer F.Fab) (width 0.1))
    (fp_line (start 1 1.07) (end -1 1.07) (layer F.SilkS) (width 0.12))
    (fp_line (start -1 -1.07) (end 1 -1.07) (layer F.SilkS) (width 0.12))
    (fp_line (start -2.15 -1.11) (end 2.15 -1.11) (layer F.CrtYd) (width 0.05))
    (fp_line (start -2.15 -1.11) (end -2.15 1.1) (layer F.CrtYd) (width 0.05))
    (fp_line (start 2.15 1.1) (end 2.15 -1.11) (layer F.CrtYd) (width 0.05))
    (fp_line (start 2.15 1.1) (end -2.15 1.1) (layer F.CrtYd) (width 0.05))
    (pad 1 smd rect (at -1.45 0 270) (size 0.9 1.7) (layers F.Cu F.Paste F.Mask)
      (net 19 "Net-(R6-Pad1)"))
    (pad 2 smd rect (at 1.45 0 270) (size 0.9 1.7) (layers F.Cu F.Paste F.Mask)
      (net 10 "Net-(Q4-Pad1)"))
    (model ${KISYS3DMOD}/Resistors_SMD.3dshapes/R_1206.wrl
      (at (xyz 0 0 0))
      (scale (xyz 1 1 1))
      (rotate (xyz 0 0 0))
    )
  )

  (module Resistors_SMD:R_1206 (layer F.Cu) (tedit 58E0A804) (tstamp 5C1C9E8A)
    (at 88.519 69.469 270)
    (descr "Resistor SMD 1206, reflow soldering, Vishay (see dcrcw.pdf)")
    (tags "resistor 1206")
    (path /5C21FCEE)
    (attr smd)
    (fp_text reference R8 (at 0.127 -2.159) (layer F.SilkS)
      (effects (font (size 1 1) (thickness 0.15)))
    )
    (fp_text value R (at 0 1.95 270) (layer F.Fab)
      (effects (font (size 1 1) (thickness 0.15)))
    )
    (fp_text user %R (at 0 0 270) (layer F.Fab)
      (effects (font (size 0.7 0.7) (thickness 0.105)))
    )
    (fp_line (start -1.6 0.8) (end -1.6 -0.8) (layer F.Fab) (width 0.1))
    (fp_line (start 1.6 0.8) (end -1.6 0.8) (layer F.Fab) (width 0.1))
    (fp_line (start 1.6 -0.8) (end 1.6 0.8) (layer F.Fab) (width 0.1))
    (fp_line (start -1.6 -0.8) (end 1.6 -0.8) (layer F.Fab) (width 0.1))
    (fp_line (start 1 1.07) (end -1 1.07) (layer F.SilkS) (width 0.12))
    (fp_line (start -1 -1.07) (end 1 -1.07) (layer F.SilkS) (width 0.12))
    (fp_line (start -2.15 -1.11) (end 2.15 -1.11) (layer F.CrtYd) (width 0.05))
    (fp_line (start -2.15 -1.11) (end -2.15 1.1) (layer F.CrtYd) (width 0.05))
    (fp_line (start 2.15 1.1) (end 2.15 -1.11) (layer F.CrtYd) (width 0.05))
    (fp_line (start 2.15 1.1) (end -2.15 1.1) (layer F.CrtYd) (width 0.05))
    (pad 1 smd rect (at -1.45 0 270) (size 0.9 1.7) (layers F.Cu F.Paste F.Mask)
      (net 17 "Net-(R8-Pad1)"))
    (pad 2 smd rect (at 1.45 0 270) (size 0.9 1.7) (layers F.Cu F.Paste F.Mask)
      (net 7 "Net-(Q2-Pad1)"))
    (model ${KISYS3DMOD}/Resistors_SMD.3dshapes/R_1206.wrl
      (at (xyz 0 0 0))
      (scale (xyz 1 1 1))
      (rotate (xyz 0 0 0))
    )
  )

  (module Capacitors_SMD:C_1206 (layer F.Cu) (tedit 58AA84B8) (tstamp 5C1CA0D9)
    (at 74.168 63.881 180)
    (descr "Capacitor SMD 1206, reflow soldering, AVX (see smccp.pdf)")
    (tags "capacitor 1206")
    (path /5B74C91E)
    (attr smd)
    (fp_text reference C1 (at 4.445 0 180) (layer F.SilkS)
      (effects (font (size 1 1) (thickness 0.15)))
    )
    (fp_text value 0.47uF (at 0 2 180) (layer F.Fab)
      (effects (font (size 1 1) (thickness 0.15)))
    )
    (fp_text user %R (at 0 -1.75 180) (layer F.Fab)
      (effects (font (size 1 1) (thickness 0.15)))
    )
    (fp_line (start -1.6 0.8) (end -1.6 -0.8) (layer F.Fab) (width 0.1))
    (fp_line (start 1.6 0.8) (end -1.6 0.8) (layer F.Fab) (width 0.1))
    (fp_line (start 1.6 -0.8) (end 1.6 0.8) (layer F.Fab) (width 0.1))
    (fp_line (start -1.6 -0.8) (end 1.6 -0.8) (layer F.Fab) (width 0.1))
    (fp_line (start 1 -1.02) (end -1 -1.02) (layer F.SilkS) (width 0.12))
    (fp_line (start -1 1.02) (end 1 1.02) (layer F.SilkS) (width 0.12))
    (fp_line (start -2.25 -1.05) (end 2.25 -1.05) (layer F.CrtYd) (width 0.05))
    (fp_line (start -2.25 -1.05) (end -2.25 1.05) (layer F.CrtYd) (width 0.05))
    (fp_line (start 2.25 1.05) (end 2.25 -1.05) (layer F.CrtYd) (width 0.05))
    (fp_line (start 2.25 1.05) (end -2.25 1.05) (layer F.CrtYd) (width 0.05))
    (pad 1 smd rect (at -1.5 0 180) (size 1 1.6) (layers F.Cu F.Paste F.Mask)
      (net 1 +12V))
    (pad 2 smd rect (at 1.5 0 180) (size 1 1.6) (layers F.Cu F.Paste F.Mask)
      (net 2 GND))
    (model Capacitors_SMD.3dshapes/C_1206.wrl
      (at (xyz 0 0 0))
      (scale (xyz 1 1 1))
      (rotate (xyz 0 0 0))
    )
  )

  (module Capacitors_SMD:C_1206 (layer F.Cu) (tedit 5C1C49B1) (tstamp 5C1C9144)
    (at 111.263176 45.499761 90)
    (descr "Capacitor SMD 1206, reflow soldering, AVX (see smccp.pdf)")
    (tags "capacitor 1206")
    (path /5C1ECDD4)
    (attr smd)
    (fp_text reference C12 (at -1.744239 2.528824 180) (layer F.SilkS)
      (effects (font (size 1 1) (thickness 0.15)))
    )
    (fp_text value 4.7uF (at 4.595999 0.423999 90) (layer F.Fab)
      (effects (font (size 1 1) (thickness 0.15)))
    )
    (fp_text user %R (at -3.268239 -0.011176 90) (layer F.Fab)
      (effects (font (size 1 1) (thickness 0.15)))
    )
    (fp_line (start -1.6 0.8) (end -1.6 -0.8) (layer F.Fab) (width 0.1))
    (fp_line (start 1.6 0.8) (end -1.6 0.8) (layer F.Fab) (width 0.1))
    (fp_line (start 1.6 -0.8) (end 1.6 0.8) (layer F.Fab) (width 0.1))
    (fp_line (start -1.6 -0.8) (end 1.6 -0.8) (layer F.Fab) (width 0.1))
    (fp_line (start 1 -1.02) (end -1 -1.02) (layer F.SilkS) (width 0.12))
    (fp_line (start -1 1.02) (end 1 1.02) (layer F.SilkS) (width 0.12))
    (fp_line (start -2.25 -1.05) (end 2.25 -1.05) (layer F.CrtYd) (width 0.05))
    (fp_line (start -2.25 -1.05) (end -2.25 1.05) (layer F.CrtYd) (width 0.05))
    (fp_line (start 2.25 1.05) (end 2.25 -1.05) (layer F.CrtYd) (width 0.05))
    (fp_line (start 2.25 1.05) (end -2.25 1.05) (layer F.CrtYd) (width 0.05))
    (pad 1 smd rect (at -1.5 0 90) (size 1 1.6) (layers F.Cu F.Paste F.Mask)
      (net 6 VCC))
    (pad 2 smd rect (at 1.5 0 90) (size 1 1.6) (layers F.Cu F.Paste F.Mask)
      (net 2 GND))
    (model Capacitors_SMD.3dshapes/C_1206.wrl
      (at (xyz 0 0 0))
      (scale (xyz 1 1 1))
      (rotate (xyz 0 0 0))
    )
  )

  (module Capacitors_SMD:C_1206 (layer F.Cu) (tedit 5C1C49AD) (tstamp 5C1C9134)
    (at 108.723176 45.499761 90)
    (descr "Capacitor SMD 1206, reflow soldering, AVX (see smccp.pdf)")
    (tags "capacitor 1206")
    (path /5C1EBA79)
    (attr smd)
    (fp_text reference C11 (at -0.474239 5.068824 180) (layer F.SilkS)
      (effects (font (size 1 1) (thickness 0.15)))
    )
    (fp_text value 4.7uF (at 4.445 0 90) (layer F.Fab)
      (effects (font (size 1 1) (thickness 0.15)))
    )
    (fp_line (start 2.25 1.05) (end -2.25 1.05) (layer F.CrtYd) (width 0.05))
    (fp_line (start 2.25 1.05) (end 2.25 -1.05) (layer F.CrtYd) (width 0.05))
    (fp_line (start -2.25 -1.05) (end -2.25 1.05) (layer F.CrtYd) (width 0.05))
    (fp_line (start -2.25 -1.05) (end 2.25 -1.05) (layer F.CrtYd) (width 0.05))
    (fp_line (start -1 1.02) (end 1 1.02) (layer F.SilkS) (width 0.12))
    (fp_line (start 1 -1.02) (end -1 -1.02) (layer F.SilkS) (width 0.12))
    (fp_line (start -1.6 -0.8) (end 1.6 -0.8) (layer F.Fab) (width 0.1))
    (fp_line (start 1.6 -0.8) (end 1.6 0.8) (layer F.Fab) (width 0.1))
    (fp_line (start 1.6 0.8) (end -1.6 0.8) (layer F.Fab) (width 0.1))
    (fp_line (start -1.6 0.8) (end -1.6 -0.8) (layer F.Fab) (width 0.1))
    (fp_text user %R (at -3.175 0 90) (layer F.Fab)
      (effects (font (size 1 1) (thickness 0.15)))
    )
    (pad 2 smd rect (at 1.5 0 90) (size 1 1.6) (layers F.Cu F.Paste F.Mask)
      (net 2 GND))
    (pad 1 smd rect (at -1.5 0 90) (size 1 1.6) (layers F.Cu F.Paste F.Mask)
      (net 6 VCC))
    (model Capacitors_SMD.3dshapes/C_1206.wrl
      (at (xyz 0 0 0))
      (scale (xyz 1 1 1))
      (rotate (xyz 0 0 0))
    )
  )

  (module Capacitors_SMD:C_1206 (layer F.Cu) (tedit 5C1C495F) (tstamp 5C1C9124)
    (at 103.643176 45.499761 90)
    (descr "Capacitor SMD 1206, reflow soldering, AVX (see smccp.pdf)")
    (tags "capacitor 1206")
    (path /5C1E93BC)
    (attr smd)
    (fp_text reference C9 (at 2.065761 9.640824 180) (layer F.SilkS)
      (effects (font (size 1 1) (thickness 0.15)))
    )
    (fp_text value 4.7uF (at 4.445 0 90) (layer F.Fab)
      (effects (font (size 1 1) (thickness 0.15)))
    )
    (fp_text user %R (at -3.175 0 90) (layer F.Fab)
      (effects (font (size 1 1) (thickness 0.15)))
    )
    (fp_line (start -1.6 0.8) (end -1.6 -0.8) (layer F.Fab) (width 0.1))
    (fp_line (start 1.6 0.8) (end -1.6 0.8) (layer F.Fab) (width 0.1))
    (fp_line (start 1.6 -0.8) (end 1.6 0.8) (layer F.Fab) (width 0.1))
    (fp_line (start -1.6 -0.8) (end 1.6 -0.8) (layer F.Fab) (width 0.1))
    (fp_line (start 1 -1.02) (end -1 -1.02) (layer F.SilkS) (width 0.12))
    (fp_line (start -1 1.02) (end 1 1.02) (layer F.SilkS) (width 0.12))
    (fp_line (start -2.25 -1.05) (end 2.25 -1.05) (layer F.CrtYd) (width 0.05))
    (fp_line (start -2.25 -1.05) (end -2.25 1.05) (layer F.CrtYd) (width 0.05))
    (fp_line (start 2.25 1.05) (end 2.25 -1.05) (layer F.CrtYd) (width 0.05))
    (fp_line (start 2.25 1.05) (end -2.25 1.05) (layer F.CrtYd) (width 0.05))
    (pad 1 smd rect (at -1.5 0 90) (size 1 1.6) (layers F.Cu F.Paste F.Mask)
      (net 6 VCC))
    (pad 2 smd rect (at 1.5 0 90) (size 1 1.6) (layers F.Cu F.Paste F.Mask)
      (net 2 GND))
    (model Capacitors_SMD.3dshapes/C_1206.wrl
      (at (xyz 0 0 0))
      (scale (xyz 1 1 1))
      (rotate (xyz 0 0 0))
    )
  )

  (module Capacitors_SMD:C_1206 (layer F.Cu) (tedit 5C1C4968) (tstamp 5C1C9112)
    (at 106.183176 45.499761 90)
    (descr "Capacitor SMD 1206, reflow soldering, AVX (see smccp.pdf)")
    (tags "capacitor 1206")
    (path /5C1EA719)
    (attr smd)
    (fp_text reference C10 (at 0.795761 7.608824 180) (layer F.SilkS)
      (effects (font (size 1 1) (thickness 0.15)))
    )
    (fp_text value 4.7uF (at 4.445 0 90) (layer F.Fab)
      (effects (font (size 1 1) (thickness 0.15)))
    )
    (fp_text user %R (at -3.175 0 90) (layer F.Fab)
      (effects (font (size 1 1) (thickness 0.15)))
    )
    (fp_line (start -1.6 0.8) (end -1.6 -0.8) (layer F.Fab) (width 0.1))
    (fp_line (start 1.6 0.8) (end -1.6 0.8) (layer F.Fab) (width 0.1))
    (fp_line (start 1.6 -0.8) (end 1.6 0.8) (layer F.Fab) (width 0.1))
    (fp_line (start -1.6 -0.8) (end 1.6 -0.8) (layer F.Fab) (width 0.1))
    (fp_line (start 1 -1.02) (end -1 -1.02) (layer F.SilkS) (width 0.12))
    (fp_line (start -1 1.02) (end 1 1.02) (layer F.SilkS) (width 0.12))
    (fp_line (start -2.25 -1.05) (end 2.25 -1.05) (layer F.CrtYd) (width 0.05))
    (fp_line (start -2.25 -1.05) (end -2.25 1.05) (layer F.CrtYd) (width 0.05))
    (fp_line (start 2.25 1.05) (end 2.25 -1.05) (layer F.CrtYd) (width 0.05))
    (fp_line (start 2.25 1.05) (end -2.25 1.05) (layer F.CrtYd) (width 0.05))
    (pad 1 smd rect (at -1.5 0 90) (size 1 1.6) (layers F.Cu F.Paste F.Mask)
      (net 6 VCC))
    (pad 2 smd rect (at 1.5 0 90) (size 1 1.6) (layers F.Cu F.Paste F.Mask)
      (net 2 GND))
    (model Capacitors_SMD.3dshapes/C_1206.wrl
      (at (xyz 0 0 0))
      (scale (xyz 1 1 1))
      (rotate (xyz 0 0 0))
    )
  )

  (module Housings_SOIC:SO-8_5.3x6.2mm_Pitch1.27mm (layer F.Cu) (tedit 5C1C490F) (tstamp 5C1C90C7)
    (at 107.188 65.024)
    (descr "8-Lead Plastic Small Outline, 5.3x6.2mm Body (http://www.ti.com.cn/cn/lit/ds/symlink/tl7705a.pdf)")
    (tags "SOIC 1.27")
    (path /5BFB378C)
    (attr smd)
    (fp_text reference U2 (at 0 -4.13) (layer F.SilkS)
      (effects (font (size 1 1) (thickness 0.15)))
    )
    (fp_text value L6384 (at 0 4.13) (layer F.Fab)
      (effects (font (size 1 1) (thickness 0.15)))
    )
    (fp_text user %R (at 0 0) (layer F.Fab)
      (effects (font (size 1 1) (thickness 0.15)))
    )
    (fp_line (start -1.65 -3.1) (end 2.65 -3.1) (layer F.Fab) (width 0.15))
    (fp_line (start 2.65 -3.1) (end 2.65 3.1) (layer F.Fab) (width 0.15))
    (fp_line (start 2.65 3.1) (end -2.65 3.1) (layer F.Fab) (width 0.15))
    (fp_line (start -2.65 3.1) (end -2.65 -2.1) (layer F.Fab) (width 0.15))
    (fp_line (start -2.65 -2.1) (end -1.65 -3.1) (layer F.Fab) (width 0.15))
    (fp_line (start -4.83 -3.35) (end -4.83 3.35) (layer F.CrtYd) (width 0.05))
    (fp_line (start 4.83 -3.35) (end 4.83 3.35) (layer F.CrtYd) (width 0.05))
    (fp_line (start -4.83 -3.35) (end 4.83 -3.35) (layer F.CrtYd) (width 0.05))
    (fp_line (start -4.83 3.35) (end 4.83 3.35) (layer F.CrtYd) (width 0.05))
    (fp_line (start -2.75 -3.205) (end -2.75 -2.55) (layer F.SilkS) (width 0.15))
    (fp_line (start 2.75 -3.205) (end 2.75 -2.455) (layer F.SilkS) (width 0.15))
    (fp_line (start 2.75 3.205) (end 2.75 2.455) (layer F.SilkS) (width 0.15))
    (fp_line (start -2.75 3.205) (end -2.75 2.455) (layer F.SilkS) (width 0.15))
    (fp_line (start -2.75 -3.205) (end 2.75 -3.205) (layer F.SilkS) (width 0.15))
    (fp_line (start -2.75 3.205) (end 2.75 3.205) (layer F.SilkS) (width 0.15))
    (fp_line (start -2.75 -2.55) (end -4.5 -2.55) (layer F.SilkS) (width 0.15))
    (pad 1 smd rect (at -3.7 -1.905) (size 1.75 0.55) (layers F.Cu F.Paste F.Mask)
      (net 11 "Net-(Q5-Pad3)"))
    (pad 2 smd rect (at -3.7 -0.635) (size 1.75 0.55) (layers F.Cu F.Paste F.Mask)
      (net 1 +12V))
    (pad 3 smd rect (at -3.7 0.635) (size 1.75 0.55) (layers F.Cu F.Paste F.Mask)
      (net 13 "Net-(R2-Pad1)"))
    (pad 4 smd rect (at -3.7 1.905) (size 1.75 0.55) (layers F.Cu F.Paste F.Mask)
      (net 2 GND))
    (pad 5 smd rect (at 3.7 1.905) (size 1.75 0.55) (layers F.Cu F.Paste F.Mask)
      (net 19 "Net-(R6-Pad1)"))
    (pad 6 smd rect (at 3.7 0.635) (size 1.75 0.55) (layers F.Cu F.Paste F.Mask)
      (net 14 "Net-(C8-Pad2)"))
    (pad 7 smd rect (at 3.7 -0.635) (size 1.75 0.55) (layers F.Cu F.Paste F.Mask)
      (net 20 "Net-(R5-Pad1)"))
    (pad 8 smd rect (at 3.7 -1.905) (size 1.75 0.55) (layers F.Cu F.Paste F.Mask)
      (net 16 "Net-(C8-Pad1)"))
    (model ${KISYS3DMOD}/Housings_SOIC.3dshapes/SO-8_5.3x6.2mm_Pitch1.27mm.wrl
      (at (xyz 0 0 0))
      (scale (xyz 1 1 1))
      (rotate (xyz 0 0 0))
    )
  )

  (module Capacitors_SMD:C_1206 (layer F.Cu) (tedit 5C1C491B) (tstamp 5C1C90B7)
    (at 113.538 64.794 270)
    (descr "Capacitor SMD 1206, reflow soldering, AVX (see smccp.pdf)")
    (tags "capacitor 1206")
    (path /5BFB377F)
    (attr smd)
    (fp_text reference C8 (at 0 -2.54) (layer F.SilkS)
      (effects (font (size 1 1) (thickness 0.15)))
    )
    (fp_text value 0.47uF (at -3.81 0) (layer F.Fab)
      (effects (font (size 1 1) (thickness 0.15)))
    )
    (fp_text user %R (at 0 -1.75 270) (layer F.Fab)
      (effects (font (size 1 1) (thickness 0.15)))
    )
    (fp_line (start -1.6 0.8) (end -1.6 -0.8) (layer F.Fab) (width 0.1))
    (fp_line (start 1.6 0.8) (end -1.6 0.8) (layer F.Fab) (width 0.1))
    (fp_line (start 1.6 -0.8) (end 1.6 0.8) (layer F.Fab) (width 0.1))
    (fp_line (start -1.6 -0.8) (end 1.6 -0.8) (layer F.Fab) (width 0.1))
    (fp_line (start 1 -1.02) (end -1 -1.02) (layer F.SilkS) (width 0.12))
    (fp_line (start -1 1.02) (end 1 1.02) (layer F.SilkS) (width 0.12))
    (fp_line (start -2.25 -1.05) (end 2.25 -1.05) (layer F.CrtYd) (width 0.05))
    (fp_line (start -2.25 -1.05) (end -2.25 1.05) (layer F.CrtYd) (width 0.05))
    (fp_line (start 2.25 1.05) (end 2.25 -1.05) (layer F.CrtYd) (width 0.05))
    (fp_line (start 2.25 1.05) (end -2.25 1.05) (layer F.CrtYd) (width 0.05))
    (pad 1 smd rect (at -1.5 0 270) (size 1 1.6) (layers F.Cu F.Paste F.Mask)
      (net 16 "Net-(C8-Pad1)"))
    (pad 2 smd rect (at 1.5 0 270) (size 1 1.6) (layers F.Cu F.Paste F.Mask)
      (net 14 "Net-(C8-Pad2)"))
    (model Capacitors_SMD.3dshapes/C_1206.wrl
      (at (xyz 0 0 0))
      (scale (xyz 1 1 1))
      (rotate (xyz 0 0 0))
    )
  )

  (module TO_SOT_Packages_THT:TO-220-3_Vertical (layer F.Cu) (tedit 5C1C48F9) (tstamp 5C1C909E)
    (at 109.982 51.943 180)
    (descr "TO-220-3, Vertical, RM 2.54mm")
    (tags "TO-220-3 Vertical RM 2.54mm")
    (path /5BFB3771)
    (fp_text reference Q3 (at 7.239 3.302 180) (layer F.SilkS)
      (effects (font (size 1 1) (thickness 0.15)))
    )
    (fp_text value IRF540N (at 2.286 -4.826 180) (layer F.Fab)
      (effects (font (size 1 1) (thickness 0.15)))
    )
    (fp_line (start 7.79 -2.75) (end -2.71 -2.75) (layer F.CrtYd) (width 0.05))
    (fp_line (start 7.79 2.16) (end 7.79 -2.75) (layer F.CrtYd) (width 0.05))
    (fp_line (start -2.71 2.16) (end 7.79 2.16) (layer F.CrtYd) (width 0.05))
    (fp_line (start -2.71 -2.75) (end -2.71 2.16) (layer F.CrtYd) (width 0.05))
    (fp_line (start 4.391 -2.62) (end 4.391 -1.11) (layer F.SilkS) (width 0.12))
    (fp_line (start 0.69 -2.62) (end 0.69 -1.11) (layer F.SilkS) (width 0.12))
    (fp_line (start -2.58 -1.11) (end 7.66 -1.11) (layer F.SilkS) (width 0.12))
    (fp_line (start 7.66 -2.62) (end 7.66 2.021) (layer F.SilkS) (width 0.12))
    (fp_line (start -2.58 -2.62) (end -2.58 2.021) (layer F.SilkS) (width 0.12))
    (fp_line (start -2.58 2.021) (end 7.66 2.021) (layer F.SilkS) (width 0.12))
    (fp_line (start -2.58 -2.62) (end 7.66 -2.62) (layer F.SilkS) (width 0.12))
    (fp_line (start 4.39 -2.5) (end 4.39 -1.23) (layer F.Fab) (width 0.1))
    (fp_line (start 0.69 -2.5) (end 0.69 -1.23) (layer F.Fab) (width 0.1))
    (fp_line (start -2.46 -1.23) (end 7.54 -1.23) (layer F.Fab) (width 0.1))
    (fp_line (start 7.54 -2.5) (end -2.46 -2.5) (layer F.Fab) (width 0.1))
    (fp_line (start 7.54 1.9) (end 7.54 -2.5) (layer F.Fab) (width 0.1))
    (fp_line (start -2.46 1.9) (end 7.54 1.9) (layer F.Fab) (width 0.1))
    (fp_line (start -2.46 -2.5) (end -2.46 1.9) (layer F.Fab) (width 0.1))
    (fp_text user %R (at 2.54 -3.62 180) (layer F.Fab)
      (effects (font (size 1 1) (thickness 0.15)))
    )
    (pad 3 thru_hole oval (at 5.08 0 180) (size 1.8 1.8) (drill 1) (layers *.Cu *.Mask)
      (net 14 "Net-(C8-Pad2)"))
    (pad 2 thru_hole oval (at 2.54 0 180) (size 1.8 1.8) (drill 1) (layers *.Cu *.Mask)
      (net 6 VCC))
    (pad 1 thru_hole rect (at 0 0 180) (size 1.8 1.8) (drill 1) (layers *.Cu *.Mask)
      (net 9 "Net-(Q3-Pad1)"))
    (model ${KISYS3DMOD}/TO_SOT_Packages_THT.3dshapes/TO-220-3_Vertical.wrl
      (offset (xyz 2.539999961853027 0 0))
      (scale (xyz 0.393701 0.393701 0.393701))
      (rotate (xyz 0 0 0))
    )
  )

  (module TO_SOT_Packages_THT:TO-220-3_Vertical (layer F.Cu) (tedit 5C1C4902) (tstamp 5C1C9085)
    (at 109.982 74.168 180)
    (descr "TO-220-3, Vertical, RM 2.54mm")
    (tags "TO-220-3 Vertical RM 2.54mm")
    (path /5BFB3778)
    (fp_text reference Q4 (at 7.239 3.302 180) (layer F.SilkS)
      (effects (font (size 1 1) (thickness 0.15)))
    )
    (fp_text value IRF540N (at 2.286 -4.826 180) (layer F.Fab)
      (effects (font (size 1 1) (thickness 0.15)))
    )
    (fp_text user %R (at 2.54 -3.62 180) (layer F.Fab)
      (effects (font (size 1 1) (thickness 0.15)))
    )
    (fp_line (start -2.46 -2.5) (end -2.46 1.9) (layer F.Fab) (width 0.1))
    (fp_line (start -2.46 1.9) (end 7.54 1.9) (layer F.Fab) (width 0.1))
    (fp_line (start 7.54 1.9) (end 7.54 -2.5) (layer F.Fab) (width 0.1))
    (fp_line (start 7.54 -2.5) (end -2.46 -2.5) (layer F.Fab) (width 0.1))
    (fp_line (start -2.46 -1.23) (end 7.54 -1.23) (layer F.Fab) (width 0.1))
    (fp_line (start 0.69 -2.5) (end 0.69 -1.23) (layer F.Fab) (width 0.1))
    (fp_line (start 4.39 -2.5) (end 4.39 -1.23) (layer F.Fab) (width 0.1))
    (fp_line (start -2.58 -2.62) (end 7.66 -2.62) (layer F.SilkS) (width 0.12))
    (fp_line (start -2.58 2.021) (end 7.66 2.021) (layer F.SilkS) (width 0.12))
    (fp_line (start -2.58 -2.62) (end -2.58 2.021) (layer F.SilkS) (width 0.12))
    (fp_line (start 7.66 -2.62) (end 7.66 2.021) (layer F.SilkS) (width 0.12))
    (fp_line (start -2.58 -1.11) (end 7.66 -1.11) (layer F.SilkS) (width 0.12))
    (fp_line (start 0.69 -2.62) (end 0.69 -1.11) (layer F.SilkS) (width 0.12))
    (fp_line (start 4.391 -2.62) (end 4.391 -1.11) (layer F.SilkS) (width 0.12))
    (fp_line (start -2.71 -2.75) (end -2.71 2.16) (layer F.CrtYd) (width 0.05))
    (fp_line (start -2.71 2.16) (end 7.79 2.16) (layer F.CrtYd) (width 0.05))
    (fp_line (start 7.79 2.16) (end 7.79 -2.75) (layer F.CrtYd) (width 0.05))
    (fp_line (start 7.79 -2.75) (end -2.71 -2.75) (layer F.CrtYd) (width 0.05))
    (pad 1 thru_hole rect (at 0 0 180) (size 1.8 1.8) (drill 1) (layers *.Cu *.Mask)
      (net 10 "Net-(Q4-Pad1)"))
    (pad 2 thru_hole oval (at 2.54 0 180) (size 1.8 1.8) (drill 1) (layers *.Cu *.Mask)
      (net 14 "Net-(C8-Pad2)"))
